1 0.7427884615384616 0.9039855072463768 0.15384615384615385 0.18478260869565216
1 0.49399038461538464 0.967391304347826 0.15625 0.057971014492753624
1 0.3713942307692308 0.9311594202898551 0.15144230769230768 0.13043478260869565
1 0.24759615384615385 0.7391304347826086 0.15625 0.32608695652173914
1 0.4807692307692308 0.7391304347826086 0.1658653846153846 0.2536231884057971
1 0.5817307692307693 0.5362318840579711 0.16826923076923078 0.34057971014492755
1 0.40865384615384615 0.37318840579710144 0.22596153846153846 0.286231884057971
1 0.4182692307692308 0.14130434782608695 0.20432692307692307 0.2753623188405797
1 0.3137019230769231 0.07427536231884058 0.22355769230769232 0.14855072463768115
1 0.6742788461538461 0.10326086956521739 0.18028846153846154 0.20652173913043478
1 0.7475961538461539 0.33695652173913043 0.16105769230769232 0.2898550724637681