1 0.3112980769230769 0.25562700964630225 0.15384615384615385 0.19292604501607716
1 0.4411057692307692 0.2717041800643087 0.10817307692307693 0.17041800643086816
1 0.5564903846153846 0.3745980707395498 0.1201923076923077 0.19292604501607716
1 0.5276442307692307 0.5932475884244373 0.11298076923076923 0.17363344051446947
1 0.6574519230769231 0.5482315112540193 0.10817307692307693 0.12218649517684887
1 0.7271634615384616 0.3778135048231511 0.13942307692307693 0.20257234726688103
1 0.6658653846153846 0.024115755627009645 0.07211538461538461 0.04823151125401929
1 0.5625 0.12057877813504823 0.15865384615384615 0.24115755627009647
1 0.7536057692307693 0.7508038585209004 0.10817307692307693 0.14790996784565916
1 0.6430288461538461 0.7508038585209004 0.09615384615384616 0.1382636655948553
1 0.5036057692307693 0.8440514469453376 0.11538461538461539 0.2829581993569132
1 0.33533653846153844 0.815112540192926 0.1346153846153846 0.3633440514469453
1 0.18629807692307693 0.8440514469453376 0.11538461538461539 0.2315112540192926
1 0.6814903846153846 0.9598070739549839 0.11778846153846154 0.07395498392282958