1 0.3786057692307692 0.5853174603174603 0.2668269230769231 0.3412698412698413
1 0.59375 0.13690476190476192 0.22596153846153846 0.27380952380952384
1 0.6838942307692307 0.38293650793650796 0.10817307692307693 0.19047619047619047
1 0.609375 0.5892857142857143 0.14182692307692307 0.1865079365079365
1 0.5949519230769231 0.9265873015873016 0.0985576923076923 0.13095238095238096
1 0.6334134615384616 0.7996031746031746 0.07932692307692307 0.15079365079365079
1 0.7175480769230769 0.9186507936507936 0.07211538461538461 0.12301587301587301
1 0.765625 0.6130952380952381 0.0673076923076923 0.11904761904761904
1 0.7668269230769231 0.061507936507936505 0.07211538461538461 0.12301587301587301
1 0.23677884615384615 0.42658730158730157 0.07451923076923077 0.15079365079365079
1 0.4723557692307692 0.9325396825396826 0.07932692307692307 0.11904761904761904