6 0.49640287769784175 0.5072115384615384 0.16546762589928057 0.14182692307692307
6 0.2697841726618705 0.5504807692307693 0.15827338129496402 0.10576923076923077
6 0.030575539568345324 0.46033653846153844 0.06115107913669065 0.10817307692307693
6 0.0539568345323741 0.7716346153846154 0.1079136690647482 0.125
6 0.3776978417266187 0.6802884615384616 0.18705035971223022 0.12980769230769232
6 0.8201438848920863 0.7536057692307693 0.2517985611510791 0.15625
6 0.7553956834532374 0.4423076923076923 0.2841726618705036 0.18509615384615385
6 0.8525179856115108 0.23557692307692307 0.24100719424460432 0.13221153846153846
6 0.5107913669064749 0.3269230769230769 0.18345323741007194 0.10817307692307693
6 0.302158273381295 0.33653846153846156 0.12949640287769784 0.11057692307692307
6 0.052158273381294966 0.2704326923076923 0.10431654676258993 0.18028846153846154