1 0.15144230769230768 0.39568345323741005 0.055288461538461536 0.09352517985611511
1 0.22355769230769232 0.420863309352518 0.04807692307692308 0.07913669064748201
1 0.19230769230769232 0.5215827338129496 0.07451923076923077 0.08633093525179857
1 0.25 0.6438848920863309 0.057692307692307696 0.07913669064748201
1 0.0889423076923077 0.8057553956834532 0.052884615384615384 0.06474820143884892
1 0.75 0.46402877697841727 0.052884615384615384 0.06474820143884892
1 0.7548076923076923 0.6007194244604317 0.055288461538461536 0.08633093525179857
1 0.6009615384615384 0.49280575539568344 0.055288461538461536 0.08633093525179857
1 0.4014423076923077 0.3597122302158273 0.04567307692307692 0.07194244604316546
1 0.4014423076923077 0.5071942446043165 0.05048076923076923 0.11151079136690648
1 0.53125 0.45323741007194246 0.052884615384615384 0.07194244604316546