1 0.6213942307692307 0.4107142857142857 0.2668269230769231 0.3412698412698413
1 0.40865384615384615 0.8591269841269841 0.22596153846153846 0.26587301587301587
1 0.3161057692307692 0.6130952380952381 0.10817307692307693 0.19047619047619047
1 0.390625 0.40674603174603174 0.14182692307692307 0.1865079365079365
1 0.4050480769230769 0.06746031746031746 0.0985576923076923 0.1349206349206349
1 0.36658653846153844 0.19642857142857142 0.07932692307692307 0.15079365079365079
1 0.2824519230769231 0.07738095238095238 0.07211538461538461 0.12301587301587301
1 0.234375 0.38293650793650796 0.0673076923076923 0.11904761904761904
1 0.23557692307692307 0.9325396825396826 0.07211538461538461 0.11904761904761904
1 0.7632211538461539 0.5694444444444444 0.07451923076923077 0.15079365079365079
1 0.5276442307692307 0.061507936507936505 0.07932692307692307 0.12301587301587301