1 0.6887019230769231 0.25562700964630225 0.15384615384615385 0.19292604501607716
1 0.5588942307692307 0.2717041800643087 0.10817307692307693 0.17041800643086816
1 0.44350961538461536 0.3745980707395498 0.1201923076923077 0.19292604501607716
1 0.4723557692307692 0.5932475884244373 0.11298076923076923 0.17363344051446947
1 0.3425480769230769 0.5482315112540193 0.10817307692307693 0.12218649517684887
1 0.27283653846153844 0.3778135048231511 0.13942307692307693 0.20257234726688103
1 0.33653846153846156 0.024115755627009645 0.07211538461538461 0.04823151125401929
1 0.43990384615384615 0.12057877813504823 0.15865384615384615 0.24115755627009647
1 0.24639423076923078 0.7508038585209004 0.10817307692307693 0.14790996784565916
1 0.35697115384615385 0.7508038585209004 0.09615384615384616 0.1382636655948553
1 0.4963942307692308 0.8440514469453376 0.11538461538461539 0.2829581993569132
1 0.6646634615384616 0.815112540192926 0.1346153846153846 0.3633440514469453
1 0.8137019230769231 0.8440514469453376 0.11538461538461539 0.2315112540192926
1 0.31850961538461536 0.9598070739549839 0.11778846153846154 0.07395498392282958