9 0.3701923076923077 0.0603448275862069 0.07932692307692307 0.09482758620689655
9 0.1201923076923077 0.3045977011494253 0.11298076923076923 0.14942528735632185
9 0.4639423076923077 0.20977011494252873 0.09615384615384616 0.09482758620689655
9 0.6995192307692307 0.08908045977011494 0.11057692307692307 0.10057471264367816
9 0.2548076923076923 0.3764367816091954 0.10817307692307693 0.1206896551724138
9 0.16346153846153846 0.47701149425287354 0.09615384615384616 0.10057471264367816
9 0.31971153846153844 0.7471264367816092 0.13701923076923078 0.16666666666666666
9 0.5408653846153846 0.5172413793103449 0.21153846153846154 0.16091954022988506
9 0.46875 0.367816091954023 0.125 0.10632183908045977
9 0.5528846153846154 0.2988505747126437 0.09615384615384616 0.11781609195402298
9 0.6875 0.27586206896551724 0.1346153846153846 0.14942528735632185
9 0.7355769230769231 0.40804597701149425 0.15384615384615385 0.12931034482758622
9 0.8485576923076923 0.3218390804597701 0.11538461538461539 0.12643678160919541
9 0.09375 0.5603448275862069 0.06971153846153846 0.09195402298850575
9 0.43990384615384615 0.6925287356321839 0.06971153846153846 0.07471264367816093
9 0.53125 0.6637931034482759 0.08653846153846154 0.1206896551724138
9 0.71875 0.6379310344827587 0.125 0.13218390804597702