1 0.43509615384615385 0.0858433734939759 0.08173076923076923 0.1716867469879518
1 0.23798076923076922 0.2710843373493976 0.08413461538461539 0.2891566265060241
1 0.25961538461538464 0.5692771084337349 0.07211538461538461 0.2680722891566265
1 0.2980769230769231 0.8192771084337349 0.08653846153846154 0.2469879518072289
1 0.25 0.8960843373493976 0.1201923076923077 0.20180722891566266
1 0.5456730769230769 0.8433734939759037 0.0985576923076923 0.21385542168674698
1 0.5024038461538461 0.5843373493975904 0.08413461538461539 0.18072289156626506
1 0.40625 0.4819277108433735 0.10817307692307693 0.1686746987951807
1 0.3173076923076923 0.35240963855421686 0.07211538461538461 0.14759036144578314
1 0.3557692307692308 0.12048192771084337 0.08653846153846154 0.21385542168674698
1 0.5865384615384616 0.4066265060240964 0.08653846153846154 0.12650602409638553
1 0.7139423076923077 0.3072289156626506 0.10336538461538461 0.1536144578313253
1 0.5805288461538461 0.09487951807228916 0.13221153846153846 0.1897590361445783
1 0.5240384615384616 0.1927710843373494 0.055288461538461536 0.1355421686746988