1 0.5649038461538461 0.9126506024096386 0.08173076923076923 0.1686746987951807
1 0.7620192307692307 0.7289156626506024 0.08413461538461539 0.2891566265060241
1 0.7403846153846154 0.4307228915662651 0.07211538461538461 0.2680722891566265
1 0.7019230769230769 0.18072289156626506 0.08653846153846154 0.2469879518072289
1 0.75 0.10391566265060241 0.1201923076923077 0.20783132530120482
1 0.4543269230769231 0.1566265060240964 0.0985576923076923 0.21385542168674698
1 0.49759615384615385 0.41566265060240964 0.08413461538461539 0.18072289156626506
1 0.59375 0.5180722891566265 0.10817307692307693 0.1686746987951807
1 0.6826923076923077 0.6475903614457831 0.07211538461538461 0.14759036144578314
1 0.6442307692307693 0.8795180722891566 0.08653846153846154 0.21385542168674698
1 0.41346153846153844 0.5933734939759037 0.08653846153846154 0.12650602409638553
1 0.2860576923076923 0.6927710843373494 0.10336538461538461 0.1536144578313253
1 0.421875 0.9036144578313253 0.13221153846153846 0.18674698795180722
1 0.47596153846153844 0.8072289156626506 0.055288461538461536 0.1355421686746988