6 0.4928571428571429 0.49278846153846156 0.16428571428571428 0.14182692307692307
6 0.26785714285714285 0.4495192307692308 0.15714285714285714 0.10576923076923077
6 0.030357142857142857 0.5420673076923077 0.060714285714285714 0.10817307692307693
6 0.05357142857142857 0.2283653846153846 0.10714285714285714 0.125
6 0.375 0.31971153846153844 0.18571428571428572 0.12980769230769232
6 0.8142857142857143 0.24639423076923078 0.25 0.15625
6 0.75 0.5576923076923077 0.28214285714285714 0.18509615384615385
6 0.8464285714285714 0.7644230769230769 0.2392857142857143 0.13221153846153846
6 0.5071428571428571 0.6730769230769231 0.18214285714285713 0.10817307692307693
6 0.3 0.6634615384615384 0.12857142857142856 0.11057692307692307
6 0.05178571428571429 0.7319711538461539 0.10357142857142858 0.18028846153846154