9 0.8677884615384616 0.3448275862068966 0.07932692307692307 0.09482758620689655
9 0.6646634615384616 0.05747126436781609 0.12740384615384615 0.11494252873563218
9 0.7427884615384616 0.45689655172413796 0.07932692307692307 0.11494252873563218
9 0.84375 0.7385057471264368 0.08413461538461539 0.13218390804597702
9 0.6033653846153846 0.20689655172413793 0.10096153846153846 0.12931034482758622
9 0.5192307692307693 0.09770114942528736 0.08413461538461539 0.11494252873563218
9 0.2932692307692308 0.28448275862068967 0.13942307692307693 0.16379310344827586
9 0.4855769230769231 0.5488505747126436 0.1346153846153846 0.25287356321839083
9 0.6105769230769231 0.46264367816091956 0.0889423076923077 0.14942528735632185
9 0.6682692307692307 0.5632183908045977 0.0985576923076923 0.11494252873563218
9 0.6875 0.7241379310344828 0.125 0.16091954022988506
9 0.5769230769230769 0.7816091954022989 0.10817307692307693 0.1839080459770115
9 0.6490384615384616 0.9166666666666666 0.10576923076923077 0.13793103448275862
9 0.45072115384615385 0.028735632183908046 0.07932692307692307 0.05747126436781609
9 0.3389423076923077 0.4281609195402299 0.0625 0.08333333333333333
9 0.3629807692307692 0.5373563218390804 0.10096153846153846 0.10344827586206896
9 0.38461538461538464 0.7614942528735632 0.11057692307692307 0.14942528735632185