4 0.38461538461538464 0.3942307692307692 0.06009615384615385 0.10256410256410256
4 0.37259615384615385 0.5833333333333334 0.0673076923076923 0.10576923076923077
4 0.5721153846153846 0.6057692307692307 0.055288461538461536 0.09615384615384616
4 0.5552884615384616 0.19230769230769232 0.038461538461538464 0.08653846153846154
4 0.6971153846153846 0.6121794871794872 0.036057692307692304 0.08012820512820513
4 0.6057692307692307 0.3942307692307692 0.057692307692307696 0.08333333333333333
4 0.5769230769230769 0.9823717948717948 0.04326923076923077 0.028846153846153848
4 0.47115384615384615 0.9887820512820513 0.0673076923076923 0.016025641025641024
4 0.1971153846153846 0.4807692307692308 0.07451923076923077 0.08974358974358974
4 0.7572115384615384 0.6314102564102564 0.04567307692307692 0.08974358974358974
4 0.7091346153846154 0.13141025641025642 0.04807692307692308 0.057692307692307696
4 0.7283653846153846 0.75 0.038461538461538464 0.0641025641025641
4 0.53125 0.3173076923076923 0.057692307692307696 0.07692307692307693
4 0.6201923076923077 0.8814102564102564 0.040865384615384616 0.0673076923076923
4 0.5432692307692307 0.4775641025641026 0.04807692307692308 0.08653846153846154
4 0.7427884615384616 0.21794871794871795 0.036057692307692304 0.07051282051282051