6 0.08633093525179857 0.7271634615384616 0.17266187050359713 0.1466346153846154
6 0.017985611510791366 0.21875 0.03597122302158273 0.09615384615384616
6 0.3345323741007194 0.4879807692307692 0.13309352517985612 0.1346153846153846
6 0.5575539568345323 0.5144230769230769 0.1366906474820144 0.16105769230769232
6 0.6294964028776978 0.3581730769230769 0.17625899280575538 0.15625
6 0.7553956834532374 0.4639423076923077 0.23741007194244604 0.14423076923076922
6 0.28776978417266186 0.7283653846153846 0.1618705035971223 0.13942307692307693
6 0.5107913669064749 0.7860576923076923 0.16906474820143885 0.08173076923076923
6 0.7589928057553957 0.7355769230769231 0.11510791366906475 0.14903846153846154
6 0.9334532374100719 0.7584134615384616 0.12589928057553956 0.14182692307692307
6 0.947841726618705 0.5456730769230769 0.09712230215827339 0.2403846153846154
6 0.9046762589928058 0.2860576923076923 0.18345323741007194 0.1778846153846154