1 0.5649038461538461 0.08532934131736528 0.08173076923076923 0.17065868263473055
1 0.7620192307692307 0.2694610778443114 0.08413461538461539 0.2874251497005988
1 0.7403846153846154 0.5658682634730539 0.07211538461538461 0.26646706586826346
1 0.7019230769230769 0.8143712574850299 0.08653846153846154 0.24550898203592814
1 0.75 0.8907185628742516 0.1201923076923077 0.20059880239520958
1 0.4543269230769231 0.8383233532934131 0.0985576923076923 0.2125748502994012
1 0.49759615384615385 0.5808383233532934 0.08413461538461539 0.17964071856287425
1 0.59375 0.47904191616766467 0.10817307692307693 0.16766467065868262
1 0.6826923076923077 0.3502994011976048 0.07211538461538461 0.1467065868263473
1 0.6442307692307693 0.11976047904191617 0.08653846153846154 0.2125748502994012
1 0.41346153846153844 0.4041916167664671 0.08653846153846154 0.12574850299401197
1 0.2860576923076923 0.30538922155688625 0.10336538461538461 0.15269461077844312
1 0.421875 0.09431137724550898 0.13221153846153846 0.18862275449101795
1 0.47596153846153844 0.19161676646706588 0.055288461538461536 0.1347305389221557