1 0.3786057692307692 0.5876494023904383 0.2668269230769231 0.3426294820717131
1 0.59375 0.13745019920318724 0.22596153846153846 0.2749003984063745
1 0.6838942307692307 0.3844621513944223 0.10817307692307693 0.19123505976095617
1 0.609375 0.5916334661354582 0.14182692307692307 0.18725099601593626
1 0.5949519230769231 0.9302788844621513 0.0985576923076923 0.13147410358565736
1 0.6334134615384616 0.8027888446215139 0.07932692307692307 0.15139442231075698
1 0.7175480769230769 0.9223107569721115 0.07211538461538461 0.12350597609561753
1 0.765625 0.6155378486055777 0.0673076923076923 0.11952191235059761
1 0.7668269230769231 0.061752988047808766 0.07211538461538461 0.12350597609561753
1 0.23677884615384615 0.42828685258964144 0.07451923076923077 0.15139442231075698
1 0.4723557692307692 0.9362549800796812 0.07932692307692307 0.11952191235059761