6 0.23798076923076922 0.8116591928251121 0.12980769230769232 0.21973094170403587
6 0.3004807692307692 0.38565022421524664 0.11298076923076923 0.21973094170403587
6 0.43028846153846156 0.16591928251121077 0.10817307692307693 0.21076233183856502
6 0.59375 0.16591928251121077 0.12980769230769232 0.17937219730941703
6 0.7355769230769231 0.4484304932735426 0.15144230769230768 0.242152466367713
6 0.8725961538461539 0.7040358744394619 0.11057692307692307 0.2062780269058296
6 0.6947115384615384 0.6188340807174888 0.0889423076923077 0.13452914798206278
6 0.8653846153846154 0.9327354260089686 0.10096153846153846 0.13004484304932734
6 0.9471153846153846 0.5381165919282511 0.09375 0.18385650224215247
6 0.8028846153846154 0.25112107623318386 0.0673076923076923 0.1210762331838565
6 0.43509615384615385 0.49327354260089684 0.09615384615384616 0.21076233183856502
6 0.10576923076923077 0.547085201793722 0.11538461538461539 0.20179372197309417
6 0.1971153846153846 0.15695067264573992 0.10336538461538461 0.24663677130044842