6 0.4182692307692308 0.25539568345323743 0.09615384615384616 0.12589928057553956
6 0.5096153846153846 0.12949640287769784 0.125 0.10431654676258993
6 0.8894230769230769 0.26258992805755393 0.1466346153846154 0.17625899280575538
6 0.8581730769230769 0.5611510791366906 0.08653846153846154 0.2733812949640288
6 0.96875 0.6402877697841727 0.052884615384615384 0.11870503597122302
6 0.7956730769230769 0.6510791366906474 0.0625 0.12949640287769784
6 0.5288461538461539 0.4676258992805755 0.052884615384615384 0.08633093525179857
6 0.7139423076923077 0.4064748201438849 0.10096153846153846 0.11870503597122302
6 0.3798076923076923 0.8309352517985612 0.057692307692307696 0.10431654676258993
6 0.11057692307692307 0.25539568345323743 0.06971153846153846 0.06474820143884892
6 0.04567307692307692 0.49280575539568344 0.07451923076923077 0.11151079136690648
6 0.25240384615384615 0.6079136690647482 0.15625 0.12949640287769784