1 0.3173076923076923 0.2467948717948718 0.14423076923076922 0.20512820512820512
1 0.3293269230769231 0.4198717948717949 0.12740384615384615 0.14423076923076922
1 0.40625 0.5737179487179487 0.14423076923076922 0.16025641025641027
1 0.5697115384615384 0.5352564102564102 0.12980769230769232 0.15064102564102563
1 0.5360576923076923 0.7083333333333334 0.09134615384615384 0.14423076923076922
1 0.40865384615384615 0.8012820512820513 0.15144230769230768 0.1858974358974359
1 0.11538461538461539 0.717948717948718 0.09134615384615384 0.09294871794871795
1 0.1971153846153846 0.5801282051282052 0.21634615384615385 0.20833333333333334
1 0.6875 0.8365384615384616 0.11057692307692307 0.14423076923076922
1 0.6875 0.6891025641025641 0.10336538461538461 0.1282051282051282
1 0.7572115384615384 0.5032051282051282 0.21153846153846154 0.15384615384615385
1 0.7355769230769231 0.27884615384615385 0.27163461538461536 0.1794871794871795
1 0.7572115384615384 0.08012820512820513 0.17307692307692307 0.15384615384615385
1 0.055288461538461536 0.0641025641025641 0.10096153846153846 0.12179487179487179
1 0.8533653846153846 0.7403846153846154 0.07451923076923077 0.15384615384615385