1 0.8125 0.8659420289855072 0.2091346153846154 0.22826086956521738
1 0.8846153846153846 0.4891304347826087 0.1875 0.2318840579710145
1 0.8413461538461539 0.30434782608695654 0.19471153846153846 0.2246376811594203
1 0.6586538461538461 0.11956521739130435 0.21634615384615385 0.23550724637681159
1 0.6586538461538461 0.47101449275362317 0.16826923076923078 0.25
1 0.5240384615384616 0.6231884057971014 0.22596153846153846 0.2536231884057971
1 0.41586538461538464 0.36231884057971014 0.18990384615384615 0.34057971014492755
1 0.2620192307692308 0.37681159420289856 0.18269230769230768 0.3079710144927536
1 0.16826923076923078 0.21739130434782608 0.19471153846153846 0.3333333333333333
1 0.21634615384615385 0.7608695652173914 0.17307692307692307 0.26811594202898553
1 0.3918269230769231 0.8731884057971014 0.19230769230769232 0.2427536231884058