7 0.21394230769230768 0.7660256410256411 0.10096153846153846 0.11538461538461539
7 0.3389423076923077 0.8814102564102564 0.17067307692307693 0.08653846153846154
7 0.5865384615384616 0.6314102564102564 0.11298076923076923 0.1282051282051282
7 0.8125 0.375 0.10817307692307693 0.27564102564102566
7 0.7211538461538461 0.2948717948717949 0.06971153846153846 0.1346153846153846
7 0.9615384615384616 0.5480769230769231 0.07211538461538461 0.16987179487179488
7 0.8185096153846154 0.9567307692307693 0.09375 0.08012820512820513
7 0.5264423076923077 0.4358974358974359 0.15625 0.15705128205128205
7 0.65625 0.47435897435897434 0.07211538461538461 0.11538461538461539
7 0.6129807692307693 0.07692307692307693 0.1466346153846154 0.14743589743589744
7 0.3293269230769231 0.3269230769230769 0.08653846153846154 0.10897435897435898
7 0.0673076923076923 0.7211538461538461 0.09375 0.09294871794871795
7 0.15625 0.9134615384615384 0.14423076923076922 0.11858974358974358
7 0.10817307692307693 0.3557692307692308 0.07211538461538461 0.08974358974358974
7 0.2764423076923077 0.05128205128205128 0.15144230769230768 0.09294871794871795