6 0.5035971223021583 0.49278846153846156 0.16546762589928057 0.14182692307692307
6 0.7302158273381295 0.4495192307692308 0.15827338129496402 0.10576923076923077
6 0.9676258992805755 0.5420673076923077 0.05755395683453238 0.10817307692307693
6 0.9442446043165468 0.2283653846153846 0.10431654676258993 0.125
6 0.6223021582733813 0.31971153846153844 0.18705035971223022 0.12980769230769232
6 0.17985611510791366 0.24639423076923078 0.2517985611510791 0.15625
6 0.2446043165467626 0.5576923076923077 0.2841726618705036 0.18509615384615385
6 0.1474820143884892 0.7644230769230769 0.24100719424460432 0.13221153846153846
6 0.4892086330935252 0.6730769230769231 0.18345323741007194 0.10817307692307693
6 0.697841726618705 0.6634615384615384 0.12949640287769784 0.11057692307692307
6 0.947841726618705 0.7319711538461539 0.09712230215827339 0.18028846153846154