1 0.6129807692307693 0.678030303030303 0.1658653846153846 0.22348484848484848
1 0.4014423076923077 0.6590909090909091 0.1778846153846154 0.22348484848484848
1 0.1778846153846154 0.6212121212121212 0.1778846153846154 0.25
1 0.8485576923076923 0.6022727272727273 0.1346153846153846 0.19696969696969696
1 0.71875 0.7575757575757576 0.15144230769230768 0.20075757575757575
1 0.7379807692307693 0.4659090909090909 0.16826923076923078 0.2159090909090909
1 0.5456730769230769 0.4696969696969697 0.17307692307692307 0.22727272727272727
1 0.3173076923076923 0.3977272727272727 0.17307692307692307 0.25
1 0.29086538461538464 0.8143939393939394 0.17067307692307693 0.20454545454545456
1 0.5 0.8143939393939394 0.16105769230769232 0.2196969696969697
1 0.8341346153846154 0.7613636363636364 0.11057692307692307 0.1590909090909091
1 0.06971153846153846 0.7348484848484849 0.13701923076923078 0.23484848484848486
1 0.45913461538461536 0.2765151515151515 0.18028846153846154 0.23863636363636365
1 0.65625 0.24242424242424243 0.16105769230769232 0.2727272727272727
1 0.9447115384615384 0.7613636363636364 0.10576923076923077 0.20833333333333334