1 0.3870192307692308 0.32196969696969696 0.1658653846153846 0.22348484848484848
1 0.5985576923076923 0.3409090909090909 0.1778846153846154 0.22348484848484848
1 0.8221153846153846 0.3787878787878788 0.1778846153846154 0.25
1 0.15144230769230768 0.3977272727272727 0.1346153846153846 0.19696969696969696
1 0.28125 0.24242424242424243 0.15144230769230768 0.20075757575757575
1 0.2620192307692308 0.5340909090909091 0.16826923076923078 0.2159090909090909
1 0.4543269230769231 0.5303030303030303 0.17307692307692307 0.22727272727272727
1 0.6826923076923077 0.6022727272727273 0.17307692307692307 0.25
1 0.7091346153846154 0.1856060606060606 0.17067307692307693 0.20454545454545456
1 0.5 0.1856060606060606 0.16105769230769232 0.2196969696969697
1 0.1658653846153846 0.23863636363636365 0.11057692307692307 0.1590909090909091
1 0.9302884615384616 0.26515151515151514 0.13701923076923078 0.23484848484848486
1 0.5408653846153846 0.7234848484848485 0.18028846153846154 0.23863636363636365
1 0.34375 0.7575757575757576 0.16105769230769232 0.2727272727272727
1 0.055288461538461536 0.23863636363636365 0.10576923076923077 0.20833333333333334