7 0.3004807692307692 0.11858974358974358 0.08653846153846154 0.1346153846153846
7 0.21394230769230768 0.28525641025641024 0.06490384615384616 0.22756410256410256
7 0.4014423076923077 0.6153846153846154 0.09615384615384616 0.15064102564102563
7 0.59375 0.9166666666666666 0.20673076923076922 0.14423076923076922
7 0.6538461538461539 0.7948717948717948 0.10096153846153846 0.09294871794871795
7 0.15625 0.9230769230769231 0.0625 0.12179487179487179
7 0.5480769230769231 0.5352564102564102 0.11778846153846154 0.20833333333333334
7 0.5192307692307693 0.7083333333333334 0.08653846153846154 0.09615384615384616
7 0.8173076923076923 0.6506410256410257 0.11057692307692307 0.1955128205128205
7 0.6298076923076923 0.2724358974358974 0.08173076923076923 0.11538461538461539
7 0.18990384615384615 0.07051282051282051 0.09134615384615384 0.14102564102564102
7 0.609375 0.014423076923076924 0.06971153846153846 0.028846153846153848
7 0.8365384615384616 0.20192307692307693 0.06971153846153846 0.20192307692307693