7 0.7860576923076923 0.23397435897435898 0.10096153846153846 0.11538461538461539
7 0.6610576923076923 0.11858974358974358 0.17067307692307693 0.08653846153846154
7 0.41346153846153844 0.3685897435897436 0.11298076923076923 0.1282051282051282
7 0.1875 0.625 0.10817307692307693 0.27564102564102566
7 0.27884615384615385 0.7051282051282052 0.06971153846153846 0.1346153846153846
7 0.038461538461538464 0.4519230769230769 0.07211538461538461 0.16987179487179488
7 0.18269230769230768 0.041666666666666664 0.09134615384615384 0.08333333333333333
7 0.4735576923076923 0.5641025641025641 0.15625 0.15705128205128205
7 0.34375 0.5256410256410257 0.07211538461538461 0.11538461538461539
7 0.3870192307692308 0.9230769230769231 0.1466346153846154 0.14743589743589744
7 0.6706730769230769 0.6730769230769231 0.08653846153846154 0.10897435897435898
7 0.9326923076923077 0.27884615384615385 0.09375 0.09294871794871795
7 0.84375 0.08653846153846154 0.14423076923076922 0.11858974358974358
7 0.8918269230769231 0.6442307692307693 0.07211538461538461 0.08974358974358974
7 0.7235576923076923 0.9487179487179487 0.15144230769230768 0.09294871794871795