6 0.8822115384615384 0.8979591836734694 0.06971153846153846 0.05782312925170068
6 0.7908653846153846 0.8299319727891157 0.07932692307692307 0.07482993197278912
6 0.59375 0.8469387755102041 0.15865384615384615 0.08163265306122448
6 0.40625 0.7585034013605442 0.07932692307692307 0.09183673469387756
6 0.40865384615384615 0.5748299319727891 0.04567307692307692 0.13945578231292516
6 0.1875 0.6190476190476191 0.10817307692307693 0.14965986394557823
6 0.13701923076923078 0.3333333333333333 0.11778846153846154 0.10204081632653061
6 0.057692307692307696 0.1836734693877551 0.07451923076923077 0.1292517006802721
6 0.1971153846153846 0.10204081632653061 0.04807692307692308 0.09183673469387756
6 0.5240384615384616 0.35034013605442177 0.08413461538461539 0.09863945578231292
6 0.6298076923076923 0.41156462585034015 0.07932692307692307 0.09523809523809523
6 0.7115384615384616 0.4421768707482993 0.052884615384615384 0.06802721088435375
6 0.7139423076923077 0.5170068027210885 0.11298076923076923 0.05102040816326531
6 0.6778846153846154 0.6394557823129252 0.07692307692307693 0.08843537414965986
6 0.5336538461538461 0.6496598639455783 0.12259615384615384 0.06802721088435375
6 0.7860576923076923 0.3231292517006803 0.07932692307692307 0.11564625850340136
6 0.7836538461538461 0.14965986394557823 0.11298076923076923 0.09183673469387756
6 0.6490384615384616 0.10204081632653061 0.07692307692307693 0.08163265306122448
6 0.625 0.2619047619047619 0.10096153846153846 0.12244897959183673
6 0.5408653846153846 0.2108843537414966 0.0673076923076923 0.07482993197278912
6 0.9254807692307693 0.15306122448979592 0.06490384615384616 0.17006802721088435
6 0.40384615384615385 0.061224489795918366 0.16826923076923078 0.11904761904761904
6 0.7043269230769231 0.9387755102040817 0.2548076923076923 0.1054421768707483