4 0.5793269230769231 0.6538461538461539 0.07692307692307693 0.08012820512820513
4 0.4375 0.6698717948717948 0.07932692307692307 0.08974358974358974
4 0.4206730769230769 0.40384615384615385 0.07211538461538461 0.07371794871794872
4 0.7307692307692307 0.42628205128205127 0.06490384615384616 0.05128205128205128
4 0.41586538461538464 0.23717948717948717 0.06009615384615385 0.04807692307692308
4 0.5793269230769231 0.358974358974359 0.0625 0.07692307692307693
4 0.11778846153846154 0.3974358974358974 0.0625 0.05448717948717949
4 0.11057692307692307 0.5384615384615384 0.055288461538461536 0.08653846153846154
4 0.5144230769230769 0.9038461538461539 0.0673076923076923 0.09935897435897435
4 0.4014423076923077 0.15705128205128205 0.0673076923076923 0.060897435897435896
4 0.7764423076923077 0.22115384615384615 0.04326923076923077 0.0641025641025641
4 0.3125 0.1955128205128205 0.04807692307692308 0.05128205128205128
4 0.6370192307692307 0.4583333333333333 0.057692307692307696 0.07692307692307693
4 0.21394230769230768 0.33974358974358976 0.05048076923076923 0.05448717948717949
4 0.5168269230769231 0.4423076923076923 0.06490384615384616 0.0641025641025641
4 0.7115384615384616 0.1762820512820513 0.052884615384615384 0.04807692307692308