6 0.4182692307692308 0.2563176895306859 0.09615384615384616 0.1263537906137184
6 0.5096153846153846 0.1299638989169675 0.125 0.10469314079422383
6 0.8894230769230769 0.26353790613718414 0.1466346153846154 0.17689530685920576
6 0.8581730769230769 0.5631768953068592 0.08653846153846154 0.2743682310469314
6 0.96875 0.6425992779783394 0.052884615384615384 0.11913357400722022
6 0.7956730769230769 0.6534296028880866 0.0625 0.1299638989169675
6 0.5288461538461539 0.4693140794223827 0.052884615384615384 0.08664259927797834
6 0.7139423076923077 0.40794223826714804 0.10096153846153846 0.11913357400722022
6 0.3798076923076923 0.8339350180505415 0.057692307692307696 0.10469314079422383
6 0.11057692307692307 0.2563176895306859 0.06971153846153846 0.06498194945848375
6 0.04567307692307692 0.49458483754512633 0.07451923076923077 0.11191335740072202
6 0.25240384615384615 0.6101083032490975 0.15625 0.1299638989169675