9 0.3701923076923077 0.06 0.07932692307692307 0.09428571428571429
9 0.1201923076923077 0.3028571428571429 0.11298076923076923 0.14857142857142858
9 0.4639423076923077 0.20857142857142857 0.09615384615384616 0.09428571428571429
9 0.6995192307692307 0.08857142857142856 0.11057692307692307 0.1
9 0.2548076923076923 0.3742857142857143 0.10817307692307693 0.12
9 0.16346153846153846 0.4742857142857143 0.09615384615384616 0.1
9 0.31971153846153844 0.7428571428571429 0.13701923076923078 0.1657142857142857
9 0.5408653846153846 0.5142857142857142 0.21153846153846154 0.16
9 0.46875 0.3657142857142857 0.125 0.10571428571428572
9 0.5528846153846154 0.29714285714285715 0.09615384615384616 0.11714285714285715
9 0.6875 0.2742857142857143 0.1346153846153846 0.14857142857142858
9 0.7355769230769231 0.4057142857142857 0.15384615384615385 0.12857142857142856
9 0.8485576923076923 0.32 0.11538461538461539 0.12571428571428572
9 0.09375 0.5571428571428572 0.06971153846153846 0.09142857142857143
9 0.43990384615384615 0.6885714285714286 0.06971153846153846 0.07428571428571429
9 0.53125 0.66 0.08653846153846154 0.12
9 0.71875 0.6342857142857142 0.125 0.13142857142857142