6 0.2668269230769231 0.9054054054054054 0.052884615384615384 0.11148648648648649
6 0.2548076923076923 0.6283783783783784 0.057692307692307696 0.22297297297297297
6 0.3173076923076923 0.36486486486486486 0.06490384615384616 0.11148648648648649
6 0.44711538461538464 0.36824324324324326 0.0985576923076923 0.06418918918918919
6 0.4170673076923077 0.06756756756756757 0.10817307692307693 0.13513513513513514
6 0.6189903846153846 0.03547297297297297 0.07451923076923077 0.07094594594594594
6 0.78125 0.07094594594594594 0.06490384615384616 0.06756756756756757
6 0.6057692307692307 0.5304054054054054 0.06971153846153846 0.11824324324324324
6 0.5625 0.6790540540540541 0.0673076923076923 0.11148648648648649
6 0.5408653846153846 0.793918918918919 0.04807692307692308 0.07432432432432433
6 0.4879807692307692 0.7972972972972973 0.036057692307692304 0.15878378378378377
6 0.4014423076923077 0.7466216216216216 0.0625 0.10810810810810811
6 0.3942307692307692 0.543918918918919 0.04807692307692308 0.17229729729729729
6 0.625 0.8986486486486487 0.08173076923076923 0.11148648648648649
6 0.7475961538461539 0.8952702702702703 0.06490384615384616 0.15878378378378377
6 0.78125 0.706081081081081 0.057692307692307696 0.10810810810810811
6 0.6682692307692307 0.6722972972972973 0.08653846153846154 0.14189189189189189
6 0.7043269230769231 0.5540540540540541 0.052884615384615384 0.0945945945945946
6 0.8100961538461539 0.3614864864864865 0.08413461538461539 0.23648648648648649
6 0.18990384615384615 0.7837837837837838 0.07451923076923077 0.3581081081081081