6 0.46875 0.3942307692307692 0.1346153846153846 0.10096153846153846
6 0.5865384615384616 0.5793269230769231 0.0625 0.057692307692307696
6 0.4519230769230769 0.6081730769230769 0.06971153846153846 0.07932692307692307
6 0.5336538461538461 0.9110576923076923 0.055288461538461536 0.07932692307692307
6 0.8052884615384616 0.7716346153846154 0.06971153846153846 0.07451923076923077
6 0.8870192307692307 0.23317307692307693 0.09615384615384616 0.0985576923076923
6 0.6802884615384616 0.23317307692307693 0.052884615384615384 0.038461538461538464
6 0.46153846153846156 0.07692307692307693 0.052884615384615384 0.09375
6 0.3245192307692308 0.25721153846153844 0.057692307692307696 0.06971153846153846
6 0.1971153846153846 0.44711538461538464 0.10817307692307693 0.11298076923076923
6 0.16826923076923078 0.5721153846153846 0.06490384615384616 0.07451923076923077
6 0.15144230769230768 0.71875 0.0625 0.06971153846153846
6 0.09375 0.3701923076923077 0.0625 0.1201923076923077
6 0.13221153846153846 0.1971153846153846 0.10336538461538461 0.125
6 0.23798076923076922 0.07451923076923077 0.0889423076923077 0.08413461538461539